# name: debug
# type: sparse matrix
# nnz: 1224
# rows: 138
# columns: 138

1 1 700
2 1 1.73472348e-18
3 1 -0.00362613156
4 1 -700
5 1 -1.73472348e-18
6 1 0
1 2 1.73472348e-18
2 2 700
3 2 315
4 2 1.73472348e-18
5 2 -700
6 2 0
1 3 -0.00362613156
2 3 315
3 3 841.75
4 3 0.00362613156
5 3 -315
6 3 -700
1 4 -700
2 4 1.73472348e-18
3 4 0.00362613156
4 4 1400
5 4 3.46944695e-18
6 4 -0.00362613156
7 4 -700
8 4 -1.73472348e-18
9 4 0
1 5 -1.73472348e-18
2 5 -700
3 5 -315
4 5 3.46944695e-18
5 5 1400
6 5 315
7 5 1.73472348e-18
8 5 -700
9 5 0
1 6 0
2 6 0
3 6 -700
4 6 -0.00362613156
5 6 315
6 6 1541.75
7 6 0.00362613156
8 6 -315
9 6 -700
4 7 -700
5 7 1.73472348e-18
6 7 0.00362613156
7 7 1400
8 7 3.46944695e-18
9 7 -0.00362613156
10 7 -700
11 7 -1.73472348e-18
12 7 0
4 8 -1.73472348e-18
5 8 -700
6 8 -315
7 8 3.46944695e-18
8 8 1400
9 8 315
10 8 1.73472348e-18
11 8 -700
12 8 0
4 9 0
5 9 0
6 9 -700
7 9 -0.00362613156
8 9 315
9 9 1541.75
10 9 0.00362613156
11 9 -315
12 9 -700
7 10 -700
8 10 1.73472348e-18
9 10 0.00362613156
10 10 1400
11 10 3.46944695e-18
12 10 -0.00362613156
13 10 -700
14 10 -1.73472348e-18
15 10 0
7 11 -1.73472348e-18
8 11 -700
9 11 -315
10 11 3.46944695e-18
11 11 1400
12 11 315
13 11 1.73472348e-18
14 11 -700
15 11 0
7 12 0
8 12 0
9 12 -700
10 12 -0.00362613156
11 12 315
12 12 1541.75
13 12 0.00362613156
14 12 -315
15 12 -700
10 13 -700
11 13 1.73472348e-18
12 13 0.00362613156
13 13 1400
14 13 1.73472348e-18
15 13 -28.0162476
16 13 -700
17 13 0
18 13 0
10 14 -1.73472348e-18
11 14 -700
12 14 -315
13 14 1.73472348e-18
14 14 1400
15 14 438.483178
16 14 0
17 14 -700
18 14 0
10 15 0
11 15 0
12 15 -700
13 15 -28.0162476
14 15 438.483178
15 15 1675.78915
16 15 28.0162476
17 15 -438.483178
18 15 -700
13 16 -700
14 16 0
15 16 28.0162476
16 16 1400
17 16 0
18 16 -176.218162
19 16 -700
20 16 0
21 16 0
13 17 0
14 17 -700
15 17 -438.483178
16 17 0
17 17 1400
18 17 456.827443
19 17 0
20 17 -700
21 17 0
13 18 0
14 18 0
15 18 -700
16 18 -176.218162
17 18 456.827443
18 18 1742.49165
19 18 176.218162
20 18 -456.827443
21 18 -700
16 19 -700
17 19 0
18 19 176.218162
19 19 1400
20 19 0
21 19 10.5351082
22 19 -700
23 19 0
24 19 0
16 20 0
17 20 -700
18 20 -456.827443
19 20 0
20 20 1400
21 20 381.507964
22 20 0
23 20 -700
24 20 0
16 21 0
17 21 0
18 21 -700
19 21 10.5351082
20 21 381.507964
21 21 1608.08474
22 21 -10.5351082
23 21 -381.507964
24 21 -700
19 22 -700
20 22 0
21 22 -10.5351082
22 22 1400
23 22 0
24 22 -6.58837771
25 22 -700
26 22 0
27 22 0
19 23 0
20 23 -700
21 23 -381.507964
22 23 0
23 23 1400
24 23 343.826728
25 23 0
26 23 -700
27 23 0
19 24 0
20 24 0
21 24 -700
22 24 -6.58837771
23 24 343.826728
24 24 1568.94318
25 24 6.58837771
26 24 -343.826728
27 24 -700
22 25 -700
23 25 0
24 25 6.58837771
25 25 1400
26 25 -1.42108547e-14
27 25 -58.1015452
28 25 -700
29 25 1.42108547e-14
30 25 0
22 26 0
23 26 -700
24 26 -343.826728
25 26 -1.42108547e-14
26 26 1400
27 26 363.760382
28 26 -1.42108547e-14
29 26 -700
30 26 0
22 27 0
23 27 0
24 27 -700
25 27 -58.1015452
26 27 363.760382
27 27 1593.85344
28 27 58.1015452
29 27 -363.760382
30 27 -700
25 28 -700
26 28 -1.42108547e-14
27 28 58.1015452
28 28 1400
29 28 -1.42108547e-14
30 28 -163.361338
31 28 -700
32 28 0
33 28 0
25 29 1.42108547e-14
26 29 -700
27 29 -363.760382
28 29 -1.42108547e-14
29 29 1400
30 29 314.223826
31 29 0
32 29 -700
33 29 0
25 30 0
26 30 0
27 30 -700
28 30 -163.361338
29 30 314.223826
30 30 1579.17649
31 30 163.361338
32 30 -314.223826
33 30 -700
28 31 -700
29 31 0
30 31 163.361338
31 31 1400
32 31 1.42108547e-14
33 31 5.64347757
34 31 -700
35 31 -1.42108547e-14
36 31 0
28 32 0
29 32 -700
30 32 -314.223826
31 32 1.42108547e-14
32 32 1400
33 32 342.131972
34 32 1.42108547e-14
35 32 -700
36 32 0
28 33 0
29 33 0
30 33 -700
31 33 5.64347757
32 33 342.131972
33 33 1567.26591
34 33 -5.64347757
35 33 -342.131972
36 33 -700
31 34 -700
32 34 1.42108547e-14
33 34 -5.64347757
34 34 1400
35 34 2.84217094e-14
36 34 -25.5922739
37 34 -700
38 34 -1.42108547e-14
39 34 0
31 35 -1.42108547e-14
32 35 -700
33 35 -342.131972
34 35 2.84217094e-14
35 35 1400
36 35 364.896709
37 35 1.42108547e-14
38 35 -700
39 35 0
31 36 0
32 36 0
33 36 -700
34 36 -25.5922739
35 36 364.896709
36 36 1591.14939
37 36 25.5922739
38 36 -364.896709
39 36 -700
34 37 -700
35 37 1.42108547e-14
36 37 25.5922739
37 37 1400
38 37 2.84217094e-14
39 37 180.683058
40 37 -700
41 37 -1.42108547e-14
42 37 0
34 38 -1.42108547e-14
35 38 -700
36 38 -364.896709
37 38 2.84217094e-14
38 38 1400
39 38 449.759226
40 38 1.42108547e-14
41 38 -700
42 38 0
34 39 0
35 39 0
36 39 -700
37 39 180.683058
38 39 449.759226
39 39 1735.6139
40 39 -180.683058
41 39 -449.759226
42 39 -700
37 40 -700
38 40 1.42108547e-14
39 40 -180.683058
40 40 1400
41 40 1.59872116e-14
42 40 -55.9956099
43 40 -700
44 40 -1.77635684e-15
45 40 0
37 41 -1.42108547e-14
38 41 -700
39 41 -449.759226
40 41 1.59872116e-14
41 41 1400
42 41 315.465787
43 41 1.77635684e-15
44 41 -700
45 41 0
37 42 0
38 42 0
39 42 -700
40 42 -55.9956099
41 42 315.465787
42 42 1546.64882
43 42 55.9956099
44 42 -315.465787
45 42 -700
40 43 -700
41 43 1.77635684e-15
42 43 55.9956099
43 43 1400
44 43 1.77635684e-15
45 43 -20.3179693
46 43 -700
47 43 0
48 43 0
40 44 -1.77635684e-15
41 44 -700
42 44 -315.465787
43 44 1.77635684e-15
44 44 1400
45 44 326.28798
46 44 0
47 44 -700
48 44 0
40 45 0
41 45 0
42 45 -700
43 45 -20.3179693
44 45 326.28798
45 45 1552.68095
46 45 20.3179693
47 45 -326.28798
48 45 -700
43 46 -700
44 46 0
45 46 20.3179693
46 46 1400
47 46 0
48 46 43.159424
49 46 -700
50 46 0
51 46 0
43 47 0
44 47 -700
45 47 -326.28798
46 47 0
47 47 1400
48 47 172.70661
49 47 0
50 47 -700
51 47 0
43 48 0
44 48 0
45 48 -700
46 48 43.159424
47 48 172.70661
48 48 1445.27187
49 48 -43.159424
50 48 -172.70661
51 48 -700
46 49 -700
47 49 0
48 49 -43.159424
49 49 1400
50 49 1.42108547e-14
51 49 -46.9537273
52 49 -700
53 49 -1.42108547e-14
54 49 0
46 50 0
47 50 -700
48 50 -172.70661
49 50 1.42108547e-14
50 50 1400
51 50 407.157045
52 50 1.42108547e-14
53 50 -700
54 50 0
46 51 0
47 51 0
48 51 -700
49 51 -46.9537273
50 51 407.157045
51 51 1639.97359
52 51 46.9537273
53 51 -407.157045
54 51 -700
49 52 -700
50 52 1.42108547e-14
51 52 46.9537273
52 52 1400
53 52 1.42108547e-14
54 52 111.081367
55 52 -700
56 52 0
57 52 0
49 53 -1.42108547e-14
50 53 -700
51 53 -407.157045
52 53 1.42108547e-14
53 53 1400
54 53 281.76165
55 53 0
56 53 -700
57 53 0
49 54 0
50 54 0
51 54 -700
52 54 111.081367
53 54 281.76165
54 54 1531.041
55 54 -111.081367
56 54 -281.76165
57 54 -700
52 55 -700
53 55 0
54 55 -111.081367
55 55 1400
56 55 2.84217094e-14
57 55 -78.826398
58 55 -700
59 55 -2.84217094e-14
60 55 0
52 56 0
53 56 -700
54 56 -281.76165
55 56 2.84217094e-14
56 56 1400
57 56 225.117084
58 56 2.84217094e-14
59 56 -700
60 56 0
52 57 0
53 57 0
54 57 -700
55 57 -78.826398
56 57 225.117084
57 57 1481.27329
58 57 78.826398
59 57 -225.117084
60 57 -700
55 58 -700
56 58 2.84217094e-14
57 58 78.826398
58 58 1400
59 58 2.84217094e-14
60 58 73.386899
61 58 -700
62 58 0
63 58 0
55 59 -2.84217094e-14
56 59 -700
57 59 -225.117084
58 59 2.84217094e-14
59 59 1400
60 59 -56.9674254
61 59 0
62 59 -700
63 59 0
55 60 0
56 60 0
57 60 -700
58 60 73.386899
59 60 -56.9674254
60 60 1412.32989
61 60 -73.386899
62 60 56.9674254
63 60 -700
58 61 -700
59 61 0
60 61 -73.386899
61 61 1400
62 61 0
63 61 33.9218416
64 61 -700
65 61 0
66 61 0
58 62 0
59 62 -700
60 62 56.9674254
61 62 0
62 62 1400
63 62 171.984443
64 62 0
65 62 -700
66 62 0
58 63 0
59 63 0
60 63 -700
61 63 33.9218416
62 63 171.984443
63 63 1443.89906
64 63 -33.9218416
65 63 -171.984443
66 63 -700
61 64 -700
62 64 0
63 64 -33.9218416
64 64 1400
65 64 -2.84217094e-14
66 64 66.6498008
67 64 -700
68 64 2.84217094e-14
69 64 0
61 65 0
62 65 -700
63 65 -171.984443
64 65 -2.84217094e-14
65 65 1400
66 65 305.199986
67 65 -2.84217094e-14
68 65 -700
69 65 0
61 66 0
62 66 0
63 66 -700
64 66 66.6498008
65 66 305.199986
66 66 1539.41318
67 66 -66.6498008
68 66 -305.199986
69 66 -700
64 67 -700
65 67 -2.84217094e-14
66 67 -66.6498008
67 67 1400
68 67 -2.84217094e-14
69 67 -18.1369162
70 67 -700
71 67 0
72 67 0
64 68 2.84217094e-14
65 68 -700
66 68 -305.199986
67 68 -2.84217094e-14
68 68 1400
69 68 292.98271
70 68 0
71 68 -700
72 68 0
64 69 0
65 69 0
66 69 -700
67 69 -18.1369162
68 69 292.98271
69 69 1523.09688
70 69 18.1369162
71 69 -292.98271
72 69 -700
67 70 -700
68 70 0
69 70 18.1369162
70 70 1400
71 70 0
72 70 7.10692954
73 70 -700
74 70 0
75 70 0
67 71 0
68 71 -700
69 71 -292.98271
70 71 0
71 71 1400
72 71 306.193034
73 71 0
74 71 -700
75 71 0
67 72 0
68 72 0
69 72 -700
70 72 7.10692954
71 72 306.193034
72 72 1534.00669
73 72 -7.10692954
74 72 -306.193034
75 72 -700
70 73 -700
71 73 0
72 73 -7.10692954
73 73 1400
74 73 1.42108547e-14
75 73 -45.0012614
76 73 -700
77 73 -1.42108547e-14
78 73 0
70 74 0
71 74 -700
72 74 -306.193034
73 74 1.42108547e-14
74 74 1400
75 74 234.791683
76 74 1.42108547e-14
77 74 -700
78 74 0
70 75 0
71 75 0
72 75 -700
73 75 -45.0012614
74 75 234.791683
75 75 1481.64607
76 75 45.0012614
77 75 -234.791683
78 75 -700
73 76 -700
74 76 1.42108547e-14
75 76 45.0012614
76 76 1400
77 76 1.42108547e-14
78 76 -88.3597566
79 76 -700
80 76 0
81 76 0
73 77 -1.42108547e-14
74 77 -700
75 77 -234.791683
76 77 1.42108547e-14
77 77 1400
78 77 150.891753
79 77 0
80 77 -700
81 77 0
73 78 0
74 78 0
75 78 -700
76 78 -88.3597566
77 78 150.891753
78 78 1443.67967
79 78 88.3597566
80 78 -150.891753
81 78 -700
76 79 -700
77 79 0
78 79 88.3597566
79 79 1400
80 79 0
81 79 -127.579199
82 79 -700
83 79 0
84 79 0
76 80 0
77 80 -700
78 80 -150.891753
79 80 0
80 80 1400
81 80 139.103595
82 80 0
83 80 -700
84 80 0
76 81 0
77 81 0
78 81 -700
79 81 -127.579199
80 81 139.103595
81 81 1450.89466
82 81 127.579199
83 81 -139.103595
84 81 -700
79 82 -700
80 82 0
81 82 127.579199
82 82 1400
83 82 0
84 82 -198.513685
85 82 -700
86 82 0
87 82 0
79 83 0
80 83 -700
81 83 -139.103595
82 83 0
83 83 1400
84 83 231.681776
85 83 0
86 83 -700
87 83 0
79 84 0
80 84 0
81 84 -700
82 84 -198.513685
83 84 231.681776
84 84 1532.97733
85 84 198.513685
86 84 -231.681776
87 84 -700
82 85 -700
83 85 0
84 85 198.513685
85 85 1400
86 85 0
87 85 -160.072602
88 85 -700
89 85 0
90 85 0
82 86 0
83 86 -700
84 86 -231.681776
85 86 0
86 86 1400
87 86 330.148544
88 86 0
89 86 -700
90 86 0
82 87 0
83 87 0
84 87 -700
85 87 -160.072602
86 87 330.148544
87 87 1592.31614
88 87 160.072602
89 87 -330.148544
90 87 -700
85 88 -700
86 88 0
87 88 160.072602
88 88 1400
89 88 5.68434189e-14
90 88 -154.248021
91 88 -700
92 88 -5.68434189e-14
93 88 0
85 89 0
86 89 -700
87 89 -330.148544
88 89 5.68434189e-14
89 89 1400
90 89 180.627279
91 89 5.68434189e-14
92 89 -700
93 89 0
85 90 0
86 90 0
87 90 -700
88 90 -154.248021
89 90 180.627279
90 90 1480.59809
91 90 154.248021
92 90 -180.627279
93 90 -700
88 91 -700
89 91 5.68434189e-14
90 91 154.248021
91 91 1400
92 91 1.13686838e-13
93 91 -262.811894
94 91 -700
95 91 -5.68434189e-14
96 91 0
88 92 -5.68434189e-14
89 92 -700
90 92 -180.627279
91 92 1.13686838e-13
92 92 1400
93 92 164.373918
94 92 5.68434189e-14
95 92 -700
96 92 0
88 93 0
89 93 0
90 93 -700
91 93 -262.811894
92 93 164.373918
93 93 1537.26982
94 93 262.811894
95 93 -164.373918
96 93 -700
91 94 -700
92 94 5.68434189e-14
93 94 262.811894
94 94 1400
95 94 5.68434189e-14
96 94 -185.651859
97 94 -700
98 94 0
99 94 0
91 95 -5.68434189e-14
92 95 -700
93 95 -164.373918
94 95 5.68434189e-14
95 95 1400
96 95 122.69531
97 95 0
98 95 -700
99 95 0
91 96 0
92 96 0
93 96 -700
94 96 -185.651859
95 96 122.69531
96 96 1470.74393
97 96 185.651859
98 96 -122.69531
99 96 -700
94 97 -700
95 97 0
96 97 185.651859
97 97 1400
98 97 0
99 97 -94.3280564
100 97 -700
101 97 0
102 97 0
94 98 0
95 98 -700
96 98 -122.69531
97 98 0
98 98 1400
99 98 176.291445
100 98 0
101 98 -700
102 98 0
94 99 0
95 99 0
96 99 -700
97 99 -94.3280564
98 99 176.291445
99 99 1457.10922
100 99 94.3280564
101 99 -176.291445
102 99 -700
97 100 -700
98 100 0
99 100 94.3280564
100 100 1400
101 100 -7.10542736e-15
102 100 -321.723327
103 100 -700
104 100 7.10542736e-15
105 100 0
97 101 0
98 101 -700
99 101 -176.291445
100 101 -7.10542736e-15
101 101 1400
102 101 -10.966535
103 101 -7.10542736e-15
104 101 -700
105 101 0
97 102 0
98 102 0
99 102 -700
100 102 -321.723327
101 102 -10.966535
102 102 1548.03738
103 102 321.723327
104 102 10.966535
105 102 -700
100 103 -700
101 103 -7.10542736e-15
102 103 321.723327
103 103 1400
104 103 -7.10542736e-15
105 103 -308.912203
106 103 -700
107 103 0
108 103 0
100 104 7.10542736e-15
101 104 -700
102 104 10.966535
103 104 -7.10542736e-15
104 104 1400
105 104 64.6461526
106 104 0
107 104 -700
108 104 0
100 105 0
101 105 0
102 105 -700
103 105 -308.912203
104 105 64.6461526
105 105 1542.29411
106 105 308.912203
107 105 -64.6461526
108 105 -700
103 106 -700
104 106 0
105 106 308.912203
106 106 1400
107 106 2.84217094e-14
108 106 -213.353719
109 106 -700
110 106 -2.84217094e-14
111 106 0
103 107 0
104 107 -700
105 107 -64.6461526
106 107 2.84217094e-14
107 107 1400
108 107 -44.272166
109 107 2.84217094e-14
110 107 -700
111 107 0
103 108 0
104 108 0
105 108 -700
106 108 -213.353719
107 108 -44.272166
108 108 1467.82833
109 108 213.353719
110 108 44.272166
111 108 -700
106 109 -700
107 109 2.84217094e-14
108 109 213.353719
109 109 1400
110 109 2.84217094e-14
111 109 -293.970358
112 109 -700
113 109 0
114 109 0
106 110 -2.84217094e-14
107 110 -700
108 110 44.272166
109 110 2.84217094e-14
110 110 1400
111 110 -20.8161068
112 110 0
113 110 -700
114 110 0
106 111 0
107 111 0
108 111 -700
109 111 -293.970358
110 111 -20.8161068
111 111 1524.07412
112 111 293.970358
113 111 20.8161068
114 111 -700
109 112 -700
110 112 0
111 112 293.970358
112 112 1400
113 112 5.68434189e-14
114 112 -265.133817
115 112 -700
116 112 -5.68434189e-14
117 112 0
109 113 0
110 113 -700
111 113 20.8161068
112 113 5.68434189e-14
113 113 1400
114 113 -53.1328603
115 113 5.68434189e-14
116 113 -700
117 113 0
109 114 0
110 114 0
111 114 -700
112 114 -265.133817
113 114 -53.1328603
114 114 1504.45577
115 114 265.133817
116 114 53.1328603
117 114 -700
112 115 -700
113 115 5.68434189e-14
114 115 265.133817
115 115 1400
116 115 5.68434189e-14
117 115 -330.317812
118 115 -700
119 115 0
120 115 0
112 116 -5.68434189e-14
113 116 -700
114 116 53.1328603
115 116 5.68434189e-14
116 116 1400
117 116 -176.613836
118 116 0
119 116 -700
120 116 0
112 117 0
113 117 0
114 117 -700
115 117 -330.317812
116 117 -176.613836
117 117 1600.43186
118 117 330.317812
119 117 176.613836
120 117 -700
115 118 -700
116 118 0
117 118 330.317812
118 118 1400
119 118 0
120 118 128.993814
121 118 -700
122 118 0
123 118 0
115 119 0
116 119 -700
117 119 176.613836
118 119 0
119 119 1400
120 119 52.0521176
121 119 0
122 119 -700
123 119 0
115 120 0
116 120 0
117 120 -700
118 120 128.993814
119 120 52.0521176
120 120 1427.64118
121 120 -128.993814
122 120 -52.0521176
123 120 -700
118 121 -700
119 121 0
120 121 -128.993814
121 121 1400
122 121 -5.68434189e-14
123 121 -341.031868
124 121 -700
125 121 5.68434189e-14
126 121 0
118 122 0
119 122 -700
120 122 -52.0521176
121 122 -5.68434189e-14
122 122 1400
123 122 -359.555844
124 122 -5.68434189e-14
125 122 -700
126 122 0
118 123 0
119 123 0
120 123 -700
121 123 -341.031868
122 123 -359.555844
123 123 1750.83306
124 123 341.031868
125 123 359.555844
126 123 -700
121 124 -700
122 124 -5.68434189e-14
123 124 341.031868
124 124 1400
125 124 0
126 124 -159.396337
127 124 -700
128 124 -5.68434189e-14
129 124 0
121 125 5.68434189e-14
122 125 -700
123 125 359.555844
124 125 0
125 125 1400
126 125 -245.669927
127 125 5.68434189e-14
128 125 -700
129 125 0
121 126 0
122 126 0
123 126 -700
124 126 -159.396337
125 126 -245.669927
126 126 1522.51558
127 126 159.396337
128 126 245.669927
129 126 -700
124 127 -700
125 127 5.68434189e-14
126 127 159.396337
127 127 1400
128 127 5.68434189e-14
129 127 -252.357471
130 127 -700
131 127 0
132 127 0
124 128 -5.68434189e-14
125 128 -700
126 128 245.669927
127 128 5.68434189e-14
128 128 1400
129 128 -274.690663
130 128 0
131 128 -700
132 128 0
124 129 0
125 129 0
126 129 -700
127 129 -252.357471
128 129 -274.690663
129 129 1598.77036
130 129 252.357471
131 129 274.690663
132 129 -700
127 130 -700
128 130 0
129 130 252.357471
130 130 1400
131 130 2.84217094e-14
132 130 -209.88253
133 130 -700
134 130 -2.84217094e-14
135 130 0
127 131 0
128 131 -700
129 131 274.690663
130 131 2.84217094e-14
131 131 1400
132 131 -296.665322
133 131 2.84217094e-14
134 131 -700
135 131 0
127 132 0
128 132 0
129 132 -700
130 132 -209.88253
131 132 -296.665322
132 132 1588.65856
133 132 209.88253
134 132 296.665322
135 132 -700
130 133 -700
131 133 2.84217094e-14
132 133 209.88253
133 133 1400
134 133 5.68434189e-14
135 133 -56.7715864
136 133 -700
137 133 -2.84217094e-14
138 133 0
130 134 -2.84217094e-14
131 134 -700
132 134 296.665322
133 134 5.68434189e-14
134 134 1400
135 134 -327.793805
136 134 2.84217094e-14
137 134 -700
138 134 0
130 135 0
131 135 0
132 135 -700
133 135 -56.7715864
134 135 -327.793805
135 135 1558.10256
136 135 56.7715864
137 135 327.793805
138 135 -700
133 136 -700
134 136 2.84217094e-14
135 136 56.7715864
136 136 700
137 136 2.84217094e-14
138 136 0
133 137 -2.84217094e-14
134 137 -700
135 137 327.793805
136 137 2.84217094e-14
137 137 700
138 137 0
133 138 0
134 138 0
135 138 -700
136 138 0
137 138 0
138 138 700
